总体平均误差：0.0635217像素

相机内参数矩阵：
[530.1397548682089, 0, 338.2680507684586;
 0, 530.2291152851226, 232.4902023206954;
 0, 0, 1]

畸变系数：
[-0.2662949437943698, -0.04503308862767233, 0.0003024821418047058, -0.001243865371614783, 0.2973605734923297]


第1幅图像的旋转向量：
[-28.75414546579318;
 -42.48972213636985;
 158.5799945676351]
第1幅图像的旋转矩阵：
[-0.926766331646285, 0.2467108492197031, -0.2832629933545524;
 -0.07203356463125443, -0.8568117014291268, -0.5105730837604348;
 -0.3686669663712809, -0.4527775007345418, 0.811835699347583]
第1幅图像的平移向量：
[-1.984483413123505;
 -2.009262714512856;
 0.1172072592235329]

第2幅图像的旋转向量：
[-22.10486661569632;
 33.88734356328803;
 140.5465081937159]
第2幅图像的旋转矩阵：
[-0.1426342092501124, -0.9880441276050084, 0.05851738422771049;
 0.9061445630290009, -0.1065688400640909, 0.4093227494537476;
 -0.3981928091321796, 0.1114086362570361, 0.9105111764952539]
第2幅图像的平移向量：
[-2.430259926589441;
 -0.2010735854369137;
 0.2114859380975884]

第3幅图像的旋转向量：
[-14.848164054401;
 -39.30720646799882;
 126.3068224238755]
第3幅图像的旋转矩阵：
[0.4017284675964507, -0.8520866433966258, -0.3355034880111964;
 0.8919958594705689, 0.4470160613258563, -0.06723115054853251;
 0.207262213174444, -0.2722590550593126, 0.9396368351274027]
第3幅图像的平移向量：
[1.727358326509002;
 2.495667828234851;
 -0.5161946693672695]

第4幅图像的旋转向量：
[-38.29249484989106;
 -26.04806972827311;
 131.3129141228968]
第4幅图像的旋转矩阵：
[0.5669864725247082, -0.7746976716580044, -0.279946168935485;
 0.822897366831136, 0.5479516709136596, 0.1502960079486848;
 0.03696300361673767, -0.3155827686528453, 0.9481778591029394]
第4幅图像的平移向量：
[-2.143038131970258;
 -2.136838510833674;
 0.3858980381713585]

第5幅图像的旋转向量：
[24.43941324763976;
 -45.33338104110093;
 125.7641990661538]
第5幅图像的旋转矩阵：
[-0.6332182017426352, 0.5705074016150294, 0.5230258250643949;
 -0.7730032069813452, -0.4999936747037016, -0.3904771020851862;
 0.03873952733809616, -0.6515578485128982, 0.7576091466335824]
第5幅图像的平移向量：
[-0.3388221940401197;
 -2.940614922364966;
 0.7216134219175578]

第6幅图像的旋转向量：
[68.1086500595689;
 -25.26020381818728;
 132.597728932083]
第6幅图像的旋转矩阵：
[0.9384502694328946, -0.3437497594174576, -0.03387026279448911;
 0.3321261425636191, 0.9249354803142658, -0.1848961402561698;
 0.09488581151646604, 0.1622666329109551, 0.9821742323114586]
第6幅图像的平移向量：
[0.1445646101631912;
 -2.686532987254824;
 -0.08466869895248773]

第7幅图像的旋转向量：
[9.162366876956565;
 -27.69146522831043;
 154.3149171635071]
第7幅图像的旋转矩阵：
[0.9994796807699362, 0.03174223653459319, 0.005726966719679298;
 -0.03175297823862313, 0.9994941360500588, 0.001794540198500772;
 -0.005667106934221647, -0.001975454714349679, 0.9999819905766641]
第7幅图像的平移向量：
[0.4438721070282673;
 -2.777159756899473;
 0.1537718516516167]

第8幅图像的旋转向量：
[32.65171607303072;
 -34.35972758020665;
 125.3450400218598]
第8幅图像的旋转矩阵：
[-0.3834545567993984, -0.9171068959209843, 0.1089841471222009;
 0.7333387146248418, -0.3740805694126401, -0.5676953912269322;
 0.5614062098892045, -0.1377630902749049, 0.8159928911796637]
第8幅图像的平移向量：
[0.3031067133705213;
 -2.832090733905768;
 0.5171300429734857]

第9幅图像的旋转向量：
[-25.60779633023114;
 -31.6598500992811;
 110.407217125971]
第9幅图像的旋转矩阵：
[-0.07878373428120616, 0.9962604964157832, 0.03547036078313173;
 -0.8636641609774206, -0.05044159829315292, -0.5015374983037663;
 -0.4978728153413042, -0.07014747638375474, 0.8644084632285332]
第9幅图像的平移向量：
[1.91998129979018;
 2.199563641631349;
 0.6407080903599587]

第10幅图像的旋转向量：
[-20.15709103521042;
 -23.09744771817892;
 90.97762404847111]
第10幅图像的旋转矩阵：
[-0.1319586982436197, -0.8716205144240975, -0.4720853532920933;
 0.9912548401713569, -0.1156181861749259, -0.06361035184997435;
 0.0008624353347916891, -0.4763508306497338, 0.8792548790564663]
第10幅图像的平移向量：
[2.186587731517414;
 1.979497361752674;
 0.7997089792226911]

第11幅图像的旋转向量：
[19.91476952211689;
 -43.49757021406496;
 133.9710398483829]
第11幅图像的旋转矩阵：
[-0.6015041289099988, 0.658741605005242, 0.4519427848072601;
 -0.798587777567728, -0.4807924014612861, -0.3620721312342702;
 -0.02122132002634791, -0.5787038660076562, 0.8152616089600517]
第11幅图像的平移向量：
[0.2396829557095588;
 2.53620832630001;
 0.05994633187474565]

第12幅图像的旋转向量：
[21.39279998112739;
 -40.21786659062559;
 127.6164853939839]
第12幅图像的旋转矩阵：
[-0.8675242442959983, 0.2896647246312728, 0.4043464267963126;
 -0.4691572295715785, -0.7465418731317086, -0.4717697802972558;
 0.1652064753554717, -0.5989737715169912, 0.7835414740365264]
第12幅图像的平移向量：
[-0.02759729872442327;
 -3.010932654448993;
 0.5769714406836525]

第13幅图像的旋转向量：
[14.433291763336;
 -35.77440256817724;
 114.9584629286023]
第13幅图像的旋转矩阵：
[-0.283737193404158, -0.9494524431957776, -0.1342879860177385;
 0.8579952206519323, -0.1888434606281837, -0.477684360971148;
 0.4281791756000912, -0.2507552701092054, 0.8682075720096469]
第13幅图像的平移向量：
[-0.4443255462036105;
 -2.889746767777064;
 -0.7321620222919556]

第14幅图像的旋转向量：
[19.04377843151979;
 -42.43547737654883;
 123.7510874595205]
第14幅图像的旋转矩阵：
[0.9679343462193631, -0.2390939350853817, -0.07705317394034661;
 0.236065816835374, 0.9706286774838693, -0.04639935956198692;
 0.08588382578077014, 0.02672191331664289, 0.9959467394484286]
第14幅图像的平移向量：
[0.2692705097743549;
 2.706724433534919;
 0.2592432024080257]


