%YAML:1.0
---
R: !!opencv-matrix
   rows: 3
   cols: 3
   dt: d
   data: [ 9.9998570631456474e-01, 3.5019502956600904e-03,
       4.0402364643351632e-03, -3.4751657042204880e-03,
       9.9997206528406479e-01, -6.6175429617279617e-03,
       -4.0632979080085941e-03, 6.6034078814527098e-03,
       9.9996994185548493e-01 ]
T: !!opencv-matrix
   rows: 3
   cols: 1
   dt: d
   data: [ -3.3215429948502965e+01, 4.1187556646233958e-01,
       1.6913545404610639e-01 ]
Rl: !!opencv-matrix
   rows: 3
   cols: 3
   dt: d
   data: [ 9.9995965089618466e-01, -8.9306535120434200e-03,
       -9.6953980235490490e-04, 8.9274083131624278e-03,
       9.9995469999418807e-01, -3.3014149002113260e-03,
       9.9897967476949212e-04, 3.2926262133872847e-03,
       9.9999408030859271e-01 ]
Rr: !!opencv-matrix
   rows: 3
   cols: 3
   dt: d
   data: [ 9.9991016591271675e-01, -1.2399013549878463e-02,
       -5.0916173651554151e-03, 1.2415733868024350e-02,
       9.9991758957543475e-01, 3.2655183617102692e-03,
       5.0507085563923915e-03, -3.3284411730123290e-03,
       9.9998170574387812e-01 ]
Pl: !!opencv-matrix
   rows: 3
   cols: 4
   dt: d
   data: [ 5.3350170444167202e+02, 0., 3.3368611526489258e+02, 0., 0.,
       5.3350170444167202e+02, 2.4390699005126953e+02, 0., 0., 0., 1.,
       0. ]
Pr: !!opencv-matrix
   rows: 3
   cols: 4
   dt: d
   data: [ 5.3350170444167202e+02, 0., 3.3368611526489258e+02,
       -1.7722080538219201e+04, 0., 5.3350170444167202e+02,
       2.4390699005126953e+02, 0., 0., 0., 1., 0. ]
Q: !!opencv-matrix
   rows: 4
   cols: 4
   dt: d
   data: [ 1., 0., 0., -3.3368611526489258e+02, 0., 1., 0.,
       -2.4390699005126953e+02, 0., 0., 0., 5.3350170444167202e+02, 0.,
       0., 3.0103785122245062e-02, 0. ]
