%YAML:1.0
---
cameraMatrixL: !!opencv-matrix
   rows: 3
   cols: 3
   dt: d
   data: [ 5.3192432986235815e+02, 0., 3.3880695493935247e+02, 0.,
       5.3182223868574874e+02, 2.3483889325280381e+02, 0., 0., 1. ]
cameraDistcoeffL: !!opencv-matrix
   rows: 5
   cols: 1
   dt: d
   data: [ -2.6787125190676658e-01, -2.4865643042822894e-02,
       4.3147392368671596e-04, -1.4898935489587829e-03,
       2.4210558384415357e-01 ]
cameraMatrixR: !!opencv-matrix
   rows: 3
   cols: 3
   dt: d
   data: [ 5.3507835254566692e+02, 0., 3.2348417065381267e+02, 0.,
       5.3518117019759541e+02, 2.4953697447406904e+02, 0., 0., 1. ]
cameraDistcoeffR: !!opencv-matrix
   rows: 5
   cols: 1
   dt: d
   data: [ -2.9612803347753652e-01, 1.3608431636572729e-01,
       -6.5674620846362900e-04, -1.0262809245576612e-03,
       -4.4216022201422386e-02 ]
